0.0000 0.0001 0.0003 0.0007 0.0013 0.0020 0.0022 0.0020 0.0013 0.0007 0.0003 0.0001 0.0000 0.0001 0.0004 0.0012 0.0028 0.0053 0.0077 0.0088 0.0077 0.0053 0.0028 0.0012 0.0004 0.0001 0.0003 0.0012 0.0037 0.0088 0.0164 0.0238 0.0270 0.0238 0.0164 0.0088 0.0037 0.0012 0.0003 0.0007 0.0028 0.0088 0.0210 0.0393 0.0571 0.0648 0.0571 0.0393 0.0210 0.0088 0.0028 0.0007 0.0013 0.0053 0.0164 0.0393 0.0734 0.1068 0.1210 0.1068 0.0734 0.0393 0.0164 0.0053 0.0013 0.0020 0.0077 0.0238 0.0571 0.1068 0.1553 0.1760 0.1553 0.1068 0.0571 0.0238 0.0077 0.0020 0.0022 0.0088 0.0270 0.0648 0.1210 0.1760 0.1995 0.1760 0.1210 0.0648 0.0270 0.0088 0.0022 0.0020 0.0077 0.0238 0.0571 0.1068 0.1553 0.1760 0.1553 0.1068 0.0571 0.0238 0.0077 0.0020 0.0013 0.0053 0.0164 0.0393 0.0734 0.1068 0.1210 0.1068 0.0734 0.0393 0.0164 0.0053 0.0013 0.0007 0.0028 0.0088 0.0210 0.0393 0.0571 0.0648 0.0571 0.0393 0.0210 0.0088 0.0028 0.0007 0.0003 0.0012 0.0037 0.0088 0.0164 0.0238 0.0270 0.0238 0.0164 0.0088 0.0037 0.0012 0.0003 0.0001 0.0004 0.0012 0.0028 0.0053 0.0077 0.0088 0.0077 0.0053 0.0028 0.0012 0.0004 0.0001 0.0000 0.0001 0.0003 0.0007 0.0013 0.0020 0.0022 0.0020 0.0013 0.0007 0.0003 0.0001 0.0000 